403
1e-06	6.556649999999999e-61	1.6016799999999998e-60	300.0
0.0002950235538396253	0.00363609	0.00738922	397.36800000000005
0.0004819741520550653	0.00721619	0.0146649	491.519
0.0006241766297169497	0.010549	0.021438099999999998	577.368
0.0007312016443560461	0.0133572	0.027145599999999995	648.219
0.0008104268757642588	0.0155792	0.0316619	703.273
0.00087289359080834	0.017411700000000002	0.035386400000000005	747.9939999999999
0.0009264739021401247	0.0190382	0.0386923	787.173
0.000974613259063701	0.0205445	0.0417541	823.0360000000001
0.0010194588248847157	0.021980700000000002	0.0446733	856.8560000000001
0.0010620966751237033	0.0233775	0.0475125	889.409
0.0011033121703511557	0.0247541	0.0503106	921.179
0.0011435500388916752	0.0261218	0.053090599999999995	952.445
0.001182990893277229	0.027486700000000003	0.0558649	983.368
0.0012219536872208865	0.0288539	0.058643499999999994	1014.08
0.0012606772644876776	0.0302315	0.061443399999999995	1044.77
0.001299564848725003	0.0316356	0.0642971	1075.8
0.0013394683613956054	0.0330926	0.0672579	1107.73
0.001381375903691142	0.0346413	0.0704052	1141.38
0.0014266940823726686	0.036338800000000004	0.07385499999999999	1177.92
0.0014780842484767636	0.038285	0.07781060000000001	1219.39
0.0015381962009695523	0.0405923	0.08250210000000001	1267.98
0.0016066853539124903	0.043249	0.0879096	1323.18
0.0016788587118906622	0.0460726	0.0936699	1381.02
0.001750475709079373	0.0488792	0.0994206	1437.75
0.0018206146336221874	0.0516182	0.105074	1492.49
0.0018896419913981073	0.05428340000000001	0.11063900000000002	1545.3
0.001956225349047978	0.05680319999999999	0.11599000000000001	1594.98
0.0020181376274072413	0.059081100000000004	0.120941	1639.91
0.002074990412982583	0.061092499999999994	0.125443	1679.81
0.0021274898405624497	0.062865	0.129557	1715.39
0.0021763517563348324	0.06442669999999999	0.13334300000000002	1747.32
0.0022227846383392636	0.06581669999999999	0.136892	1776.47
0.0022677822649384686	0.0670629	0.140279	1803.52
0.002311782248831071	0.06817369999999999	0.143537	1828.77
0.0023551539703513973	0.06915310000000001	0.14669400000000002	1852.43
0.002398108378305093	0.06999810000000001	0.149757	1874.6
0.0024406856795577744	0.07070189999999998	0.152726	1895.27
0.0024828105717626574	0.0712578	0.155592	1914.39
0.0025240832646697695	0.0716586	0.15833	1931.83
0.0025635978635402163	0.07190210000000001	0.160881	1947.32
0.0026003727005922536	0.0720005	0.163188	1960.64
0.0026338831146744826	0.0719794	0.165231	1971.88
0.0026642933848665517	0.0718671	0.167034	1981.35
0.002692127217313473	0.0716859	0.168641	1989.42
0.002717909074580603	0.07145080000000001	0.17009000000000002	1996.4
0.0027420645832903746	0.0711721	0.17141199999999998	2002.52
0.0027648982907352445	0.0708572	0.172627	2007.96
0.0027865765133142473	0.07051310000000001	0.173747	2012.8
0.0028071029607754177	0.070148	0.174773	2017.11
0.002826406356029702	0.06977169999999999	0.175705	2020.93
0.0028443721872781266	0.0693942	0.17654	2024.27
0.0028608304012218743	0.06902710000000001	0.177274	2027.15
0.002875672575538172	0.06868049999999999	0.17790899999999998	2029.6
0.0028890006056837545	0.068358	0.178454	2031.66
0.002901007640893597	0.0680597	0.178924	2033.39
0.0029118645960068013	0.0677845	0.17933	2034.86
0.0029217520817025806	0.0675303	0.17968299999999998	2036.09
0.0029308388851162076	0.0672943	0.17999400000000002	2037.14
0.002939282436016168	0.06707350000000001	0.180269	2038.03
0.0029472044353666556	0.06686560000000001	0.180516	2038.79
0.002954709826526361	0.0666683	0.180739	2039.44
0.00296187498046457	0.06648	0.18094200000000002	2039.98
0.0029687632152931233	0.0662995	0.181127	2040.44
0.002975452596590901	0.06612480000000001	0.181299	2040.81
0.0029820113727976097	0.0659544	0.18145899999999998	2041.11
0.002988483384616867	0.0657874	0.181608	2041.33
0.002994900194395599	0.06562319999999999	0.181748	2041.48
0.003001286171131868	0.0654613	0.18187899999999999	2041.56
0.0030076563961013154	0.06530169999999999	0.182002	2041.57
0.003014010658907519	0.0651443	0.182116	2041.5
0.0030203427305324887	0.0649896	0.182222	2041.36
0.0030266374103732133	0.0648381	0.18232	2041.14
0.003032870575966571	0.0646904	0.18241	2040.85
0.0030390153199472466	0.0645472	0.18249100000000001	2040.49
0.0030450359727175295	0.0644094	0.182564	2040.08
0.0030508882710252767	0.0642777	0.18262799999999998	2039.61
0.0030565521422007435	0.06415259999999999	0.182685	2039.09
0.003062019641962703	0.06403400000000001	0.18273499999999998	2038.54
0.0030672917458943404	0.0639218	0.182778	2037.95
0.003072369429939685	0.0638155	0.182815	2037.34
0.003077259602937512	0.063715	0.182847	2036.71
0.003081980906642946	0.0636197	0.182874	2036.06
0.0030865666154084545	0.0635287	0.182897	2035.4
0.0030910261677222057	0.0634416	0.182916	2034.72
0.0030953601594988266	0.06335840000000001	0.18293199999999998	2034.04
0.003099586747278296	0.06327859999999999	0.182946	2033.34
0.0031037298530088497	0.0632016	0.182956	2032.62
0.003107792742667359	0.0631273	0.18296400000000002	2031.9
0.0031117903555127825	0.0630553	0.18297	2031.17
0.0031157375180710417	0.06298530000000001	0.182973	2030.43
0.003119643159381659	0.06291709999999999	0.182975	2029.67
0.0031235161404736555	0.0628505	0.182975	2028.9
0.003127365267158803	0.0627852	0.182973	2028.12
0.0031312021956167897	0.0627212	0.182969	2027.32
0.0031350240372796743	0.06265830000000001	0.18296300000000001	2026.51
0.003138836592243889	0.06259640000000001	0.182956	2025.68
0.0031426427433821455	0.0625356	0.182948	2024.85
0.0031464424653836337	0.062475699999999995	0.182937	2023.99
0.0031502414884280795	0.0624168	0.182926	2023.12
0.0031540397680871585	0.0623586	0.18291300000000002	2022.24
0.003157845846909375	0.062301199999999994	0.182898	2021.35
0.003161659649141507	0.062244299999999995	0.182882	2020.43
0.003165498187403771	0.062188	0.182865	2019.5
0.003169364126199158	0.06213200000000001	0.182846	2018.55
0.003173271506267879	0.062076099999999995	0.182825	2017.58
0.003177220035530673	0.062020500000000006	0.182803	2016.59
0.00318122076994337	0.0619649	0.18278	2015.57
0.003185281830285593	0.0619092	0.182754	2014.53
0.0031894253875851854	0.061853099999999994	0.182727	2013.45
0.0031936537234649397	0.061796699999999996	0.182698	2012.34
0.003197974678889592	0.061739800000000004	0.182667	2011.2
0.0032023989933041078	0.061682299999999995	0.182634	2010.01
0.003206943231861248	0.0616241	0.182599	2008.79
0.003211620565069373	0.0615651	0.182562	2007.52
0.0032164412329644117	0.06150509999999999	0.182522	2006.19
0.003221423667361536	0.061444000000000006	0.182479	2004.81
0.0032265833128204027	0.0613816	0.18243299999999998	2003.38
0.003231932638826871	0.0613178	0.182384	2001.88
0.00323749776295502	0.061252499999999994	0.182331	2000.3
0.0032433016183460693	0.0611854	0.182275	1998.65
0.00324938057043994	0.061116199999999996	0.18221500000000002	1996.91
0.0032557539845872057	0.0610447	0.182149	1995.07
0.003262449073300906	0.060970800000000006	0.182079	1993.13
0.0032695006086130318	0.0608942	0.182004	1991.08
0.003276942719549064	0.06081469999999999	0.181922	1988.9
0.0032848033468538154	0.060732100000000004	0.181834	1986.59
0.003293131207143584	0.0606461	0.181738	1984.12
0.003301957739634365	0.060556500000000006	0.181635	1981.5
0.003311329433835962	0.0604631	0.181523	1978.71
0.0033213071968861982	0.0603654	0.181402	1975.73
0.00333192904077644	0.060263300000000006	0.18127100000000002	1972.54
0.003343226235512259	0.0601567	0.18112999999999999	1969.14
0.0033552335828116037	0.060045600000000005	0.180977	1965.53
0.003367978912693017	0.0599299	0.180812	1961.68
0.003381475498127651	0.05980980000000001	0.180635	1957.61
0.00339571973743646	0.0596855	0.180446	1953.3
0.0034106994611112257	0.0595573	0.18024500000000002	1948.78
0.0034263899279676283	0.0594258	0.180031	1944.05
0.0034427652751883135	0.0592913	0.179806	1939.11
0.003459792938399993	0.0591543	0.17957	1934.0
0.003477437933290215	0.059015099999999994	0.179323	1928.71
0.003495658104678489	0.058874199999999995	0.179066	1923.26
0.0035144263189847316	0.0587318	0.178798	1917.67
0.0035337369362767644	0.0585881	0.178521	1911.95
0.003553573988711582	0.058443100000000005	0.178234	1906.09
0.003573921290356036	0.0582971	0.17793699999999998	1900.11
0.0035947923170022633	0.058149900000000004	0.17762999999999998	1894.01
0.0036161739638276734	0.05800159999999999	0.177314	1887.78
0.003638087783217052	0.0578521	0.17698699999999998	1881.44
0.0036605565951865248	0.057701300000000004	0.17665	1874.97
0.003683560629607928	0.057549300000000005	0.176303	1868.4
0.0037071188651811447	0.05739580000000001	0.17594500000000002	1861.7
0.003731256948944321	0.05724069999999999	0.175576	1854.88
0.0037559406448395604	0.0570842	0.17519500000000002	1847.95
0.00378117160550641	0.05692609999999999	0.174804	1840.91
0.0038069914785401784	0.056766	0.1744	1833.74
0.0038334002501030275	0.0566039	0.173984	1826.46
0.0038603726276851707	0.0564399	0.173557	1819.07
0.0038879275405244557	0.056273699999999996	0.17311700000000002	1811.56
0.003916096979881297	0.056104999999999995	0.172663	1803.93
0.003944882563258877	0.0559336	0.17219600000000002	1796.17
0.0039742363470171	0.0557596	0.171715	1788.3
0.004004180490840519	0.0555826	0.17122	1780.31
0.004034762718038694	0.055402099999999996	0.17071	1772.17
0.004065994673706274	0.0552182	0.170185	1763.9
0.004097818462350047	0.055030600000000006	0.16964400000000002	1755.51
0.004130301146672612	0.0548389	0.169087	1746.96
0.004163364871562401	0.05464310000000001	0.16851300000000002	1738.29
0.004196968426140126	0.054443399999999996	0.167923	1729.48
0.0042311357320177325	0.054239199999999994	0.167317	1720.54
0.0042658053694959105	0.0540307	0.166694	1711.48
0.004300954651709811	0.053818	0.166055	1702.3
0.004336496290229712	0.053600999999999996	0.165401	1693.01
0.004372394495142877	0.0533798	0.164732	1683.63
0.004408605356697916	0.05315449999999999	0.164048	1674.14
0.0044450883312376465	0.052925099999999996	0.16335	1664.58
0.0044817687322902065	0.052691999999999996	0.162638	1654.95
0.004518575676500603	0.0524552	0.161914	1645.25
0.004555485802411109	0.0522149	0.161178	1635.51
0.004592441457816618	0.0519711	0.16043	1625.72
0.004629415736404063	0.051724099999999995	0.159671	1615.9
0.004666418659890339	0.05147380000000001	0.158901	1606.04
0.004703378724132127	0.051220299999999996	0.158122	1596.15
0.004740268514187613	0.0509639	0.157332	1586.24
0.004777061014923954	0.0507046	0.156533	1576.32
0.0048137460949023055	0.0504425	0.155725	1566.39
0.0048503137811793245	0.0501778	0.154909	1556.46
0.004886705863842587	0.0499106	0.154085	1546.53
0.004922916002156306	0.049641199999999996	0.153254	1536.62
0.004958943193475079	0.0493695	0.152416	1526.71
0.004994765147084075	0.0490957	0.151571	1516.83
0.0050303327150209125	0.0488202	0.150721	1506.97
0.005065655853249229	0.048543	0.149865	1497.15
0.005100711859190274	0.0482641	0.149004	1487.36
0.0051354872514043255	0.0479841	0.14814000000000002	1477.62
0.005169951338540328	0.0477029	0.14727200000000001	1467.93
0.005204107323687051	0.047420800000000006	0.146401	1458.3
0.005237886517068484	0.0471383	0.145529	1448.73
0.005271259225219281	0.0468558	0.144656	1439.26
0.005304205739949473	0.046573500000000004	0.143785	1429.88
0.00533671596878045	0.046291900000000004	0.14291600000000002	1420.59
0.005368761508326705	0.046011	0.142048	1411.41
0.005400316021740073	0.0457313	0.14118499999999998	1402.35
0.005431368349245245	0.045453	0.140326	1393.41
0.005461921792081758	0.0451763	0.139472	1384.59
0.0054919807652091005	0.044901300000000005	0.138623	1375.89
0.00552154061473811	0.044628100000000004	0.13777899999999998	1367.32
0.005550623959664833	0.044356599999999996	0.136941	1358.87
0.005579218561341962	0.044087	0.13610899999999998	1350.55
0.00560734571234573	0.0438194	0.13528199999999999	1342.34
0.005635009283109734	0.043553800000000004	0.134462	1334.25
0.005662230050169766	0.0432901	0.133648	1326.29
0.005689011260922892	0.0430283	0.13284	1318.43
0.005715380861957806	0.042768400000000005	0.13203800000000002	1310.68
0.005741345391898203	0.0425102	0.13124	1303.04
0.0057669417056689844	0.0422537	0.130448	1295.5
0.005792178658015684	0.0419988	0.129662	1288.05
0.005817064858642207	0.0417454	0.128879	1280.7
0.005841632030635488	0.0414934	0.128101	1273.43
0.005865879862180817	0.04124269999999999	0.127327	1266.25
0.005889842550392167	0.040993199999999994	0.126557	1259.14
0.005913519688062423	0.0407449	0.12579	1252.11
0.005936939874342836	0.040497500000000006	0.125027	1245.15
0.005960108566620947	0.040251199999999994	0.124266	1238.26
0.005983031022638848	0.0400057	0.12350799999999999	1231.43
0.006005726921736437	0.0397612	0.122753	1224.67
0.0060281893040957674	0.039517500000000004	0.122001	1217.97
0.00605043802221864	0.0392746	0.121251	1211.33
0.006072470235500487	0.0390325	0.120504	1204.74
0.006094311214454565	0.0387912	0.11975899999999999	1198.21
0.0061159576424532555	0.0385504	0.11901500000000001	1191.73
0.006137426897629777	0.038310199999999996	0.118274	1185.3
0.006158737255714861	0.0380705	0.11753399999999999	1178.92
0.006179886185794335	0.037831199999999995	0.11679500000000001	1172.57
0.0062008963685551395	0.037592099999999996	0.116057	1166.27
0.006221770263714074	0.0373533	0.11532	1160.0
0.0062425165727672035	0.0371146	0.11458299999999999	1153.77
0.006263143861710126	0.036876	0.113846	1147.57
0.0062836670608247495	0.0366374	0.11310899999999999	1141.4
0.006304083234978054	0.03639880000000001	0.112373	1135.26
0.006324400269548339	0.0361601	0.11163599999999999	1129.15
0.006344632056484945	0.0359213	0.110898	1123.06
0.006364786012888281	0.0356822	0.11016	1116.99
0.006384856907881778	0.035442900000000006	0.109422	1110.94
0.0064048581618200194	0.035203399999999996	0.10868199999999999	1104.92
0.006424779645984595	0.0349636	0.10794200000000001	1098.91
0.00644464090715185	0.034723500000000004	0.107201	1092.93
0.006464436683391769	0.034483099999999996	0.106458	1086.96
0.006484173681034714	0.034242400000000006	0.105715	1081.01
0.0065038527069595465	0.034001300000000005	0.10497100000000001	1075.07
0.006523474412349387	0.0337599	0.104226	1069.15
0.006543040029706139	0.033518099999999995	0.103479	1063.25
0.006562562452464303	0.033275900000000004	0.10273199999999999	1057.36
0.006582030875722744	0.0330333	0.101983	1051.48
0.006601457191906513	0.0327904	0.101233	1045.62
0.006620836393059468	0.0325471	0.100481	1039.77
0.006640174756834932	0.0323033	0.0997289	1033.94
0.0066594730000143175	0.032059199999999996	0.09897510000000001	1028.11
0.0066787323618192965	0.0318146	0.0982201	1022.3
0.006697953356626957	0.031569599999999996	0.09746389999999999	1016.5
0.006717131258731632	0.0313243	0.0967066	1010.72
0.006736272232404132	0.031078700000000004	0.0959482	1004.94
0.006755376958449308	0.0308327	0.09518860000000001	999.181
0.00677444677794501	0.0305863	0.0944281	993.431
0.006793482801469491	0.030339599999999994	0.0936665	987.69
0.006812480397415702	0.030092599999999997	0.092904	981.961
0.006831445541052367	0.0298454	0.0921406	976.2410000000001
0.006850373784495835	0.0295978	0.09137630000000001	970.533
0.006869265840294465	0.0293499	0.09061110000000001	964.835
0.006888127598503284	0.029101799999999997	0.0898451	959.1489999999999
0.006906955129581469	0.028853500000000004	0.08907849999999999	953.4730000000001
0.0069257542276243275	0.028604900000000003	0.0883111	947.808
0.006944515674466012	0.0283562	0.0875431	942.155
0.006963240521953484	0.028107299999999998	0.08677460000000001	936.5139999999999
0.006981934582284255	0.0278582	0.0860057	930.885
0.007000593939307342	0.027608999999999998	0.0852363	925.268
0.007019219800567358	0.027359699999999997	0.0844666	919.664
0.007037813158321133	0.0271103	0.0836967	914.072
0.007056370227594423	0.0268608	0.0829266	908.493
0.0070748921867334795	0.0266113	0.0821563	902.927
0.007093384923036939	0.0263618	0.081386	897.3739999999999
0.007111840141445509	0.026112299999999998	0.0806157	891.835
0.007130259073862484	0.0258629	0.0798456	886.309
0.007148638363469219	0.025613499999999997	0.0790757	880.799
0.007166979399285939	0.0253643	0.0783063	875.304
0.007185283531501919	0.0251153	0.0775375	869.825
0.0072035384884199605	0.0248665	0.0767695	864.363
0.007221754861869241	0.024618	0.07600219999999999	858.919
0.007239925147864045	0.024369799999999997	0.075236	853.492
0.007258046406571918	0.0241219	0.07447089999999999	848.084
0.007276115840899389	0.0238746	0.0737071	842.695
0.00729413959561018	0.0236276	0.0729448	837.326
0.007312106020918559	0.0233812	0.072184	831.9780000000001
0.007330025822753177	0.023135299999999998	0.07142489999999999	826.6510000000001
0.007347883146716243	0.02289	0.07066760000000001	821.345
0.007365688701610975	0.0226454	0.06991239999999999	816.062
0.007383435598599897	0.022401400000000002	0.0691592	810.801
0.00740112138617544	0.0221582	0.0684083	805.564
0.00741874800093733	0.0219158	0.0676598	800.35
0.007436313254644514	0.021674099999999998	0.06691369999999999	795.16
0.007453814824269129	0.0214333	0.06617039999999999	789.9960000000001
0.007471246270668208	0.0211935	0.06543	784.8580000000001
0.007488601073546385	0.0209547	0.0646928	779.748
0.007505881440290647	0.0207171	0.0639591	774.6669999999999
0.007523085566834968	0.020480599999999998	0.063229	769.6160000000001
0.007540207245757205	0.0202452	0.0625025	764.595
0.007557248566642048	0.0200112	0.0617799	759.6039999999999
0.007574207583856803	0.0197784	0.0610611	754.6439999999999
0.007591082283706563	0.0195468	0.060346300000000005	749.715
0.00760787920860699	0.0193166	0.0596356	744.816
0.007624592407356532	0.019087700000000003	0.0589289	739.948
0.007641228127751559	0.0188602	0.0582264	735.112
0.0076577802939379	0.018634	0.05752809999999999	730.306
0.007674250884754349	0.0184092	0.056834	725.5310000000001
0.007690642049462312	0.0181857	0.0561442	720.7860000000001
0.00770695237198543	0.0179637	0.0554587	716.072
0.007723187944416977	0.017743000000000002	0.0547774	711.387
0.0077393507379168005	0.0175237	0.054100300000000004	706.732
0.007755434465652052	0.0173058	0.0534276	702.107
0.00777144101807078	0.0170893	0.0527592	697.512
0.007787377168122101	0.016874200000000002	0.052095100000000005	692.945
0.007803245002946687	0.016660400000000002	0.0514351	688.4060000000001
0.00781904627935806	0.016447999999999997	0.0507792	683.893
0.00783478682935967	0.0162368	0.0501274	679.4069999999999
0.007850464260090218	0.016027	0.0494796	674.947
0.007866076835995956	0.0158184	0.0488358	670.513
0.007881639117934934	0.015611199999999999	0.048195999999999996	666.1039999999999
0.00789714485335864	0.015405200000000003	0.0475599	661.7180000000001
0.007912603564395162	0.0152004	0.0469276	657.3560000000001
0.007928016823680394	0.014996700000000002	0.04629880000000001	653.014
0.007943382305957859	0.0147942	0.0456737	648.695
0.00795871124858554	0.0145928	0.045051999999999995	644.396
0.00797400529931494	0.014392600000000002	0.0444337	640.116
0.007989269822164262	0.014193299999999999	0.0438185	635.854
0.00800450639422867	0.0139951	0.0432065	631.61
0.00801972041683833	0.013797799999999997	0.0425975	627.383
0.008034915279862493	0.013601499999999999	0.0419914	623.17
0.00805009697555226	0.013406	0.041388	618.971
0.008065270944905226	0.0132114	0.040787300000000005	614.786
0.008080442662067228	0.013017700000000002	0.040188999999999996	610.612
0.008095613555166916	0.0128246	0.039593	606.4490000000001
0.008110795214678859	0.012632299999999999	0.03899930000000001	602.2959999999999
0.00812598216486797	0.0124407	0.038407800000000006	598.1519999999999
0.008141187961867411	0.012249799999999998	0.037818300000000006	594.016
0.008156406182173415	0.012059499999999999	0.037230900000000004	589.888
0.008171646359066472	0.0118699	0.0366455	585.766
0.008186908882996715	0.0116809	0.0360621	581.653
0.008202196476074747	0.0114926	0.0354807	577.545
0.00821751088866357	0.011304799999999999	0.0349011	573.444
0.00823286587604526	0.011117700000000001	0.034323400000000004	569.347
0.008248255105786449	0.010931100000000001	0.0337473	565.255
0.00826368891882834	0.010745000000000001	0.0331728	561.165
0.00827918178687538	0.0105594	0.0325997	557.076
0.008294739793746397	0.0103741	0.0320278	552.987
0.008310360963311598	0.0101892	0.0314569	548.8969999999999
0.008326057627176515	0.0100046	0.030886900000000002	544.803
0.008341844387151028	0.009820200000000001	0.0303176	540.705
0.008357723807036312	0.00963597	0.0297488	536.601
0.008373710873277943	0.00945183	0.0291803	532.489
0.008389808383230788	0.00926776	0.028612099999999998	528.368
0.008406035070510534	0.00908369	0.028043799999999997	524.237
0.008422403005418072	0.00889945	0.027475	520.09
0.008438915725158926	0.00871509	0.0269058	515.929
0.008455589609267657	0.00853053	0.026336000000000002	511.75199999999995
0.008472441398310989	0.00834565	0.0257652	507.556
0.008489485727604778	0.00816042	0.0251934	503.339
0.008506740557988805	0.00797465	0.0246199	499.098
0.008524211511325375	0.00778838	0.024044799999999998	494.83099999999996
0.008541929896010441	0.00760147	0.0234678	490.536
0.008559933493497962	0.00741368	0.022888	486.20599999999996
0.008578212338391376	0.00722509	0.0223058	481.844
0.008596808668095816	0.00703556	0.0217207	477.444
0.008615745317617468	0.00684496	0.0211322	473.004
0.008635042053376	0.00665326	0.020540400000000004	468.522
0.008654751273741457	0.0064601	0.019944099999999996	463.98900000000003
0.00867488987226201	0.00626563	0.019343700000000002	459.407
0.00869549656340796	0.00606968	0.0187387	454.772
0.008716637314587253	0.00587182	0.018127900000000002	450.07300000000004
0.00873834481222185	0.00567223	0.0175117	445.31300000000005
0.00876067170314237	0.00547063	0.0168893	440.48400000000004
0.008783692928856118	0.00526679	0.01626	435.58
0.00880745832837561	0.00506071	0.0156238	430.6
0.008832080036683494	0.00485186	0.014979	425.529
0.008857642118785387	0.00464035	0.014325999999999998	420.36800000000005
0.00888420701753354	0.00442603	0.0136643	415.11300000000006
0.008912020264189219	0.00420802	0.012991299999999999	409.74
0.00894111773622297	0.00398678	0.0123083	404.25800000000004
0.008971710463191087	0.00376201	0.0116143	398.659
0.009004121747862125	0.00353254	0.0109059	392.911
0.009038513174472212	0.00329896	0.010184799999999999	387.025
0.009075225977986788	0.00306096	0.00945001	380.99300000000005
0.0091148661495727	0.00281705	0.00869698	374.772
0.009157888811173007	0.00256768	0.00792711	368.37199999999996
0.009205053560555955	0.00231265	0.00713978	361.783
0.009257748438550673	0.0020502	0.00632953	354.957
0.009317646765731841	0.00178003	0.00549543	347.881
0.00938725558063173	0.00150243	0.004638399999999999	340.55800000000005
0.009471484547167097	0.00121545	0.00375242	332.931
0.009580202427313425	0.0009175110000000001	0.0028326000000000002	324.953
0.00973463483313311	0.000611835	0.0018889	316.704
0.010013702049530079	0.00030462400000000003	0.000940457	308.348
0.010014702049530078	3.645079999999999e-61	8.904309999999998e-61	300.0
